0.0
0.10150000000040953
-0.00037914596214250196
-0.707919723616204
-1.1522936641184376
-1.1330613551745878
-1.10762423990103
-1.108171090969794
-1.6705947604176543
-2.261602282894005
-2.7036759442484413
-3.5314312745465086
-4.469431010655531
-5.031654172164606
-4.984150185145966
-3.3986766823411116
-0.502029080683617
3.0910784633252146
6.804901520037236
9.858791138135324
11.964171729974392
13.212131081137438
14.471231512323708
15.704689998824641
16.59267641895155
17.29224770310129
18.271381736996258
19.20865643889448
20.371435233106606
21.420944225348666
22.22951035456926
22.5788841119414
23.787663577285617
26.135657545051384
27.443333030224036
29.140856673780167
30.936512598193307
32.681437756949315
34.091001930346366
34.94778034948337
36.10352795841186
37.149603863651535
37.077134044028
36.172218144364734
34.668828143251844
32.13256552005115
29.643657181862505
26.941017258560056
24.917468273535437
22.81278805817116
20.86788941706656
19.038064177213677
16.407690919260318
13.444442921491943
10.891027143087284
8.662641739958609
6.62336254202484
4.886148046890915
3.2171677490826087
0.46077591973914345
-3.6560739383346954
-7.662536687681672
-11.897591478494798
-16.000574710048706
-19.554546232364103
-23.299246785836818
-27.332908290954215
-31.78022672199007
-36.29867172235663
-40.80450527012335
-43.42817318725617
-44.4244898189106
-44.81424672586725
-44.71394532635758
-43.94938901716226
-43.66537247169278
-42.99320360552064
-42.805610851260106
-41.11079034475203
-38.72298070319406
-35.6032830702819
-31.793915556560968
-28.510219475256978
-26.842313159520312
-25.06565642853453
-24.06837029469808
-23.3891534921445
-23.194044608282532
-23.418073694362192
-25.16523491390657
-27.81389327192284
-30.17521847429803
-30.86115938799285
-30.63006963380576
-29.910196275621082
-28.748543481201175
-26.063383166081014
-22.84672014401861
-20.603794474202527
-18.716612622532406
-18.951774303940603
-19.726642487791505
-20.957424992976648
-22.328320498213177
-23.46693264349087
-23.83947286355258
-24.22196601200726
-23.17917775792351
-21.465601005905626
-19.378655948758453
-16.02448920800351
-14.023472212582435
-12.517283106976935
-10.675696625211934
-8.777447903409245
-7.603953803075306
-6.277181345835667
-5.751954516864544
-6.167056989932093
-7.432584166796932
-8.259643306199067
-8.4937199518449
-9.03834783863786
-13.040535691276553
-18.23836334095882
-23.67437503344201
-27.55306246267102
-29.195351851641078
-28.92791523596695
-28.843635467618313
-28.89014465003371
-27.359002929679413
-25.10250390263245
-22.885033089555698
-20.556420420512445
-17.503517005685403
-12.921641875855167
-7.889630358519298
-3.075090293148285
1.3401833830464949
4.907598874977775
8.47685565580721
10.999161171157828
12.73650048824293
12.593341808294829
10.403327952220998
6.552220749197517
2.320444630726906
-3.016819202147723
-9.385469244830055
-15.19950605518933
-20.695905083566853
-25.843568431197426
-28.723485715993128
-29.324022473614733
-28.394785316294726
-25.96167498268737
-21.90632048650645
-17.26435472113987
-12.973733651333646
-9.056585293007355
-4.931503415708546
-1.4686939840977677
1.1394755189502066
3.3596410868516497
4.630267369018078
5.181518772396572
5.367695955818316
5.319385011741095
5.157346719427754
4.611418762340151
2.49887392071619
-0.3648096132009654
-3.0316451414521954
-5.844461643554907
-8.479750786890497
-11.436623838450076
-14.960007146931767
-18.756029688567168
-21.96197771807609
-24.635472068956354
-27.734779038645517
-30.90518112478823
-32.36595362543181
-32.13776176076233
-31.299098284643193
-29.556484550263647
-28.39513089985754
-28.600594166812353
-29.336297974495018
-29.421269952994674
-29.856151297138286
-30.662232272408744
-31.368251264453097
-32.805977969549524
-35.10439569411238
-37.53370004409242
-39.744740883449666
-43.03093316825716
-47.53188456859734
-51.1799090595857
-55.02169833108757
-58.66259877074065
-60.987670552465914
-61.10032112030459
-58.54796416428424
-53.69638150396304
-47.31470976609573
-40.031028807858156
-32.34989121127334
-24.541152180130968
-16.363061667565958
-9.556093977668498
-5.482533396834404
-3.6707196072938966
-4.68260741689033
-7.826328932198027
-12.734221542868221
-16.931166702231327
-19.723003026348866
-21.47264717008572
-23.66197912579646
-27.365370333911326
-31.20709296122409
-35.12638682215995
-38.20862531017465
-38.98039841085775
-38.15724025872094
-36.78580926428122
-34.44675062392287
-30.829424744039127
-25.761704369908564
-20.19132654112693
-15.723189533694072
-11.597943489827518
-6.519983506782885
-1.037213336733558
3.772899986537673
7.51557361405285
10.011673998119361
11.546812583315656
12.411615561876683
13.354414327959649
13.861084578963547
15.919489895004775
19.06351276072188
22.16939402690621
25.16904012012828
27.182019420489727
27.681524767580893
27.68943175328571
27.47327836287902
26.546328268810644
25.01896959070083
22.962653158780046
22.262417832283255
21.898887185382065
22.359343348064254
22.67554389604667
22.57386690661978
22.43050420252485
23.1377763218518
24.162628869748588
24.865138795845592
25.163467109103042
26.22757839501048
27.97583679540686
29.3620335978654
30.671704932828803
30.728471830512554
30.120572722899684
29.580893928760148
30.302116897412645
31.404275402055855
31.630792105589883
31.498983028875273
29.55772841822669
25.97596983507178
21.08786180995059
16.13264612173857
11.138454025640376
6.371815524293435
3.1142778774533517
1.156747960850047
-0.6068675178249203
-1.864326661611873
-2.0544391452604835
-1.6716507684321882
-1.1607310407823996
-0.7725303923303902
-0.9443899517535386
-1.7250183722358792
-3.416784930570026
-5.243186726777126
-7.169809313485637
-9.040693734782705
-11.66675038290803
-15.26458364933723
-18.580781109253994
-21.486008470612795
-24.517558256846485
-27.377617166058634
-29.928398581948823
-31.99765242588342
-32.30240937414918
-31.590197410105176
-30.310364937333286
-29.98899524233188
-29.638601230771986
-28.565406970966208
-26.735165150238668
-23.885828529372944
-20.66445249715231
-17.309604164951203
-14.993542524857004
-14.758474764816707
-15.649147020464762
-16.11037093440041
-16.168758139785762
-14.659152503715742
-12.029598010073403
-9.799285863851479
-8.998282787295755
-9.159880291865107
-10.13714521513873
-11.164461775970787
-13.235260765750288
-14.849889103703998
-14.956737091207703
-14.04560772373366
-11.805288622623223
-8.11427123286687
-6.376886765607581
-6.887809667080814
-7.870815522932126
-8.750053262587937
-9.560944518112649
-10.472417892477353
-11.73386734655234
-13.404178405154097
-16.1969974483401
-18.6313368381243
-20.879667169651324
-21.735839969888037
-21.01285445452173
-19.378348683686752
-17.246369525286067
-14.537287505562379
-10.809033222110486
-6.497357430915932
-1.89061990052353
2.7575865816547256
6.716137637337498
10.521199494480603
13.76379969691443
16.07746340258851
17.379520306308113
17.20636108129213
16.021704927296195
15.33711031665891
14.411100898500441
14.249419485123559
14.512699172105243
15.238028161310977
16.401201340745942
17.67335632038156
19.186491236941677
20.488984649445158
21.074469752172476
20.71171782273972
19.597962508323377
17.20621871170571
14.227555743234925
10.64350999647361
6.8414031755357705
2.9506394940202894
-0.9187178550493088
-4.454457322876692
-6.980910674101577
-8.792623009707684
-10.907559920484761
-12.750029571066658
-13.637009457929762
-13.77156557499824
-12.852601319718355
-11.689544678523271
-11.60686128707831
-12.696990789421791
-14.359034906052798
-15.778403637344441
-16.682425803831617
-17.491023245063733
-17.44508393023441
-16.720669964332846
-15.576419863334134
-13.651305445356607
-11.824101023370465
-10.769240293139504
-10.224841489823064
-9.826777711433051
-9.570558227062618
-10.076446508311584
-10.51635607099732
-9.924181178248078
-8.547774938806674
-6.788747207985135
-5.255356688787901
-3.5872094424158076
-2.1062668346846665
-0.5937540767027023
0.01663817353976014
-0.2085038471500965
-1.1767493055856084
-2.248616290640279
-2.678772642671568
-2.659718129535115
-2.3309385446695767
-0.966604574192722
1.028456895886634
3.0640533213534873
5.488050500917386
8.645325694548665
11.966007988953145
13.580162210514464
14.125733042920169
13.674710338775034
12.562275262917952
11.644385079350918
11.102762249898731
10.82805304630827
9.356552269218902
7.3043573580968495
5.180719824821665
2.582636918453838
-0.6011082645667987
-2.745697679055766
-3.7091442496696247
-3.3174957380076853
-1.9261863395046186
-0.40762478035470967
0.4761928582850702
1.0056944952024132
2.0685994833731534
3.0427630790066784
3.7856668421773194
6.204910376415916
10.370746525467398
15.47706922902006
21.566450369329292
26.867030093156213
30.65054228475566
34.22650094674547
37.85479092171009
40.426066679738234
42.059973849763324
43.06403048887496
43.798168722278824
43.3969806044314
42.565808447112154
40.96561836936878
38.62919584925386
35.83751033320323
33.37519737012659
31.010913177368682
28.891962744760924
27.926284576896567
27.778441939595456
27.845527421659764
28.16388676757337
28.88086133013692
29.712528296523708
30.309171214990535
30.436650620162595
30.46050316392125
29.93321088894615
28.640084809558058
27.083156177987146
24.995576528165614
22.163626247925205
19.58617705112549
19.15175742837091
19.83312326851384
21.06182203796463
21.443277367980475
21.45358614528523
21.706540623054195
21.618952579336355
21.617495813107713
21.8885510547449
21.98894775120333
21.882204997107056
22.981885366879627
25.019566459592525
28.010973114272744
30.96411084364619
34.061600176465
37.7495368253841
40.37696787785623
42.21355110905586
44.900207790157445
47.53717553462301
49.834259129707874
50.219588293279074
48.965313457217555
45.87816614877216
43.455881879210494
41.63521331173022
39.38215950940478
36.12704706715925
31.90402016808959
27.60460204060814
22.59574181972754
17.672586204641007
14.32671782919302
11.972512972513858
9.97858603445405
9.964343517749256
11.24044972757826
12.683631197696405
13.314440881487606
12.645482771080458
11.65854854021064
10.432642170328984
8.183078608865838
6.169451848764071
3.9100849436513676
1.5255333835080884
-1.6421227694123532
-4.025681006578824
-5.240678520005976
-5.311141353326337
-4.4133827850923755
-2.9879243959166493
-1.6374782194943878
-1.0930459533346724
-1.1526115007137498
-0.9789029027937168
-0.662169674127467
0.8230528545210605
3.422918158829864
5.580293493398895
8.170999851159538
12.53945615562789
18.548526744100457
24.94596938701651
30.735573385842095
36.108851194271
40.36152670012963
43.40970761236134
45.09985126290912
46.684789955707245
46.68416960940533
45.13753096871214
42.48318953835623
39.29481171998291
34.60381889289908
28.15010550977331
20.83944825271296
14.37749400618865
9.139635515707258
3.8470470240399433
-0.6229910689254095
-3.510313360203121
-6.147300291509024
-8.301880578919414
-10.864381899836188
-13.877559147974502
-16.80112287137767
-18.364620552436865
-19.55004093582498
-19.69898074120696
-19.14809151404021
-16.937800804148097
-14.249082910064512
-12.550341788038036
-11.081033075162251
-9.858025763973302
-8.547256045539912
-6.266599870156736
-4.50385077877719
-2.724015114263172
-1.4014717331022233
-0.722424415585527
0.5736680664591628
2.2414668323656604
3.5588277628072302
4.670944981770812
4.641859440523285
4.863723486124455
4.186641959770907
3.3067734634846118
2.251865027841601
0.8353671679863028
-0.5245140405982365
-1.7324476816083232
-1.7111036603770466
-0.6421314336972871
0.944180807852908
3.4883519241192227
6.135879586019032
8.830691013354121
11.019189731405083
12.168370584846274
12.401656208560269
12.278590831232792
12.359225136230982
12.27632738423873
12.051427382226857
12.06766283253611
12.590684826734945
12.642701144017742
12.396468826683952
12.32537505256709
12.499937201160987
13.917818387839551
15.339241909303528
15.822871159349742
15.202604553487163
14.062918464596173
12.78411453669781
10.538755397309385
8.070583416100362
6.231367637538168
5.055732400254507
4.456162631244159
6.120577730088494
9.24875485054712
14.700368128861708
20.0512343416233
25.747942955784048
30.826833643505793
35.36127190082807
38.94767135731425
41.50428914248713
42.78944687621558
42.44391187181781
40.58454204977912
38.47127902992083
35.85804590891033
32.557022513737195
29.377322737091845
25.91662903706552
22.475912638158714
19.11048903181592
15.89435177205285
12.00097017086158
8.162380164023057
3.853283492803477
-0.6496202964964177
-5.411252942849576
-10.124286111490559
-13.488669676278395
-15.32079188239002
-15.895160419223808
-16.427486086877874
-16.21067510112536
-14.987955610235698
-12.430652597447905
-8.774933725699244
-3.529413847304264
1.8117708278607032
6.507336250518421
10.675012208139925
13.640266512924786
15.181136414704163
14.682226379716573
13.056588746327648
10.976228926239251
7.870847148808702
4.37515028592325
1.0189320072729018
-1.3370925131349638
-1.9937845791952715
-1.4280442340125272
-0.9219591250623069
-0.665106705892706
0.040859211926578286
1.8338297913066932
3.4640381058741707
3.781932995432004
2.708596419783445
0.803817121606167
-1.138922879963386
-4.331903764771481
-8.278857926885458
-11.339849935808548
-12.882870537494671
-12.711402729934772
-11.51031187619821
-9.450076413916166
-7.676029167553433
-5.586406871676239
-3.5942856771506944
-3.192041156963561
-4.7036690566373
-7.562169749050575
-10.498584528084521
-13.162604561974865
-15.849667285841617
-18.332952688901866
-20.078874486453273
-21.91128670285076
-22.493769437795237
-22.30428860207227
-20.820986402345813
-19.03677005417112
-15.59416338284087
-11.576888323154444
-7.396930007610528
-3.4278919802204686
-0.29018542981602297
3.2126759318194753
6.661277656271411
9.37004499106004
11.431671449094296
14.981960400392385
18.80979557131634
23.15250892786057
26.541202269301564
28.49229759252356
29.880334858276075
30.773278848078103
31.41807197407743
33.00437405020431
34.913936331681775
36.520368298708604
37.949660257442794
39.21888436478237
40.496006298116214
41.058889718008395
40.15973142365561
38.65074436371566
36.42956154860502
32.921638862932724
28.42337754953348
22.72039122809472
15.709403606222615
8.42849958582164
-1.3515520000791672
-11.069206098683877
-21.1692859301237
-31.176538837043594
-39.156777514032164
-44.738493347787426
-47.82612215919068
-49.74285163881709
-51.05842063831963
-51.37568925105376
-50.67317770974564
-49.23500810045114
-46.57581239434637
-43.540646718169604
-40.03779325616875
-35.7697962895137
-32.89998312029222
-31.741677639458796
-32.214153907467214
-32.76294663928901
-32.750991756213274
-31.74354911223425
-31.19673252720953
-29.83764493304724
-27.372856874626997
-24.924508066964947
-23.230309431026978
-22.335857898860958
-22.81720297276516
-24.964382537304125
-26.930315481771288
-27.00458995377271
-27.30756065763612
-28.27618792646544
-29.705431314894586
-31.061385259475657
-33.46034744956221
-35.746162163288
-36.60643210376206
-37.55919737191687
-36.96533636414027
-34.57611969242083
-31.26406234006052
-27.4312417838907
-23.392097603539405
-18.177616830857623
-12.385442008292221
-6.946872143886437
-1.6184997490647135
3.4824540488296063
8.277965470632662
11.918204036332506
14.205821564765857
14.765808699315643
13.723228849020801
12.405242081761294
10.865771619860984
9.670216001556984
8.557131952828698
5.773705584318381
1.614895242713028
-2.3867062178741105
-4.810885537761658
-5.387217835908742
-4.04973130801963
-1.977232690573785
-0.849204066641069
-0.4325819470184682
-0.8800797906190064
-2.5279972916904034
-3.6534707716064085
-4.6825408564447875
-6.647149968412492
-9.006590642954144
-11.525202324231582
-13.744822925637562
-16.43002951426335
-20.132531776742542
-22.818560752329972
-24.191620738214837
-23.19489111111017
-20.55264819531761
-16.864720953421614
-13.250778784563773
-10.14532460153875
-7.0668697784761205
-4.568225617764543
-2.6309432207924828
-1.9717186062830212
-3.4474038016323707
-6.931468205612433
-10.340003289116524
-13.766397923028519
-16.513039144544518
-18.955260187260095
-20.984101519271317
-22.674177318645178
-25.3387772513244
-27.11438317498933
-28.55947417434083
-28.295929730076544
-26.020435980293833
-23.37009068398197
-20.95464654229444
-18.66871239577859
-15.75994993751633
-13.05421726378728
-10.421951961762568
-7.929558943764986
-6.236167267819626
-4.744780152848357
-3.3532786259793537
-2.320485313135975
-0.5644543092036975
2.110077971956988
6.209408104071755
11.163998455834008
17.438404901073906
23.639200942082052
30.306555038933393
35.86064257305858
40.75261527633466
43.6249927194177
44.90059869074758
45.27342728521436
44.9165968961919
43.969028060052715
42.97744144124855
39.30741610074401
34.43625257571378
29.424650233221836
24.181076392465826
17.781094662534354
11.535939576080754
7.193027217157008
4.498855865212743
3.6257739219201164
3.589966413688032
5.6003821479636775
9.10492773910759
13.271169289287013
16.773929334955493
19.050519203379594
20.97932102657274
21.64205595926855
20.685495971872935
18.516742954864863
14.553417220786791
9.966908126314769
4.699709756845324
-1.9156694348555308
-8.171740960031123
-13.802187854077339
-19.02144020663768
-23.04931772830728
-25.254374740319964
-25.947116172029517
-25.612110665786687
-24.021364380189663
-21.17398637048046
-17.324898880896622
-12.66099289917983
-8.404083394360338
-4.816083368608432
-1.8218762528548158
1.3759288141564914
3.736718675921825
4.918428569210925
4.114939587388838
3.103117157736784
0.2459382887363076
-4.596683137809131
-9.4487188145857
-14.558511056001576
-17.891876541330006
-20.42902887032699
-22.655520129371023
-24.158368902128807
-25.15422105502818
-26.92312710529067
-28.675387909692073
-30.332918286097314
-33.15350204022683
-35.5782671480999
-36.877860371062745
-36.255932023764785
-33.247857880643444
-27.76093914403811
-21.14509873091662
-12.93830983537692
-4.742286989808213
2.3826051946036872
7.910026096218388
12.50966672734675
15.501173282320421
16.142055749123788
15.800948760229142
13.799215393351302
12.454926773619405
11.826971550811399
11.441209765104773
10.579540236776275
9.717974372499032
10.303796499568444
12.893960806550393
15.759056569447656
19.809204736819932
24.633695101057146
29.401600567877452
32.044772170061755
32.56952960466086
30.49748710508617
26.42042678234132
23.0585809231626
21.303698369069636
20.120737969323603
18.365841488485984
17.293201753081707
17.303866855248874
16.747992122682437
14.375091442509321
11.006395375672785
7.966909453879906
6.033897731906433
3.4739449987773563
1.696142398612723
1.5640436610310455
2.0941923303448795
3.6144246121708212
5.411847906441163
7.164754249218068
8.579676802485142
10.433903999564379
13.157529586026936
15.843043715187545
18.4669731546062
20.45214560609784
21.552954076701344
23.118301044720962
24.847235219547965
26.216934736748577
26.283842925289477
25.462767635823777
23.762425632399996
22.225988428672824
21.03300803977874
19.837519343036355
18.961296622997928
18.501226391395353
17.00302130878556
14.104411219812599
10.613742945375197
7.637194313907212
4.451581042065068
0.5790934038678004
-2.796273918357442
-6.153392134324621
-9.450666727995532
-10.909692808694603
-12.056615814747282
-12.485908564432998
-11.766921035798928
