0.0
0.17762500000071668
-0.13409552503799205
-1.9350604129849671
-2.063607409289034
-1.0890561795345093
-1.0448946741348664
-1.1095926567577408
-3.1889481496550616
-3.731686309181896
-3.713976464311145
-5.573154128629085
-6.881849549993603
-6.368825747536448
-4.559876778537273
1.1773424680427524
7.489813374488222
12.589505209161416
16.318680581232
17.313451963338593
16.489283371510282
15.166150993721658
16.40014616187409
17.60566528877098
17.899157620411188
18.497367578012017
20.56160800682983
21.59236268311315
23.368243258358234
23.96277283373911
23.942725818098097
23.084378926575482
26.677546090437318
32.032309264101514
30.400095265619257
33.20688331909423
35.217399021261826
36.823883471654426
37.24170949500376
36.49881172348341
38.332895224615186
39.26590756326232
36.497259620236036
33.227908389164895
30.38753317120063
25.326704856266133
23.27669391093241
20.215302345986856
20.172215480227806
18.13815755075848
16.85269922735779
15.271682232424155
10.37201414989022
6.494349183028589
4.889845408182737
3.5767299098092735
1.9854274007693675
1.2135687552663512
-0.293490719905094
-5.9567287019172
-13.658101738346431
-17.42533434802226
-22.267839475264736
-25.816760137638994
-27.67910967653961
-31.791347618477175
-36.38189090690594
-41.75623379288663
-46.55799337469398
-51.26876942554645
-48.755770094662694
-45.525390208653334
-44.46930280091283
-43.156579134589265
-40.915056777241716
-42.33042078661538
-41.035228282015396
-42.56683508235619
-37.17080269583357
-32.85072443597801
-27.691913027420014
-22.175615984179785
-20.49851442180352
-23.270944419316947
-21.43220479090587
-22.575105851781245
-22.94444963185515
-23.702107520907248
-24.74794511338041
-30.202878249875084
-34.7398990190477
-36.000723707353245
-32.19456224442911
-29.298235480162475
-27.36197763354312
-25.089453539031183
-18.43544983929496
-14.064050359835619
-15.100989769417083
-14.683265871621643
-20.884403242291683
-22.81285467935004
-24.998800892437885
-26.510157803969378
-26.748118544581303
-24.467417953665972
-24.52058341320935
-19.679157071590907
-16.201611362575477
-13.700972185161845
-7.227230949878049
-9.295237537080538
-9.388641606344663
-6.772554767199836
-4.688366446226155
-5.6179856383760125
-3.6020079981553863
-5.0791927109739845
-7.88454255113129
-10.928681682364186
-10.63227956429455
-9.210418085944184
-10.379425495017585
-23.518470183637874
-31.713417414250216
-37.2507990315421
-36.62799120417276
-32.15217223721265
-26.834379767467
-27.24238657774913
-27.54154972004062
-21.835567410945714
-18.72235571125111
-17.394991418698282
-15.348604049182995
-10.468440792084039
-1.6520207956141348
4.650462609078659
8.469441352054218
11.422870225940187
12.798268280959292
16.338392168839164
15.865952122871931
15.448414443432284
10.464526130575905
3.4214238152726466
-4.276416244701977
-8.95996348815288
-16.742170808649462
-25.391196128818592
-28.963967902441254
-33.201780400430835
-37.02663083151265
-33.772104937453605
-28.53167784266725
-24.005468110335187
-17.933843786332545
-10.265993499793694
-4.994280392212659
-2.268971975101067
-0.0004281846049707383
4.104698207177989
5.714230954098184
6.148634019693418
7.465335846024573
6.461713280922595
5.5512297537279665
5.1062645965294
4.615565012016759
4.320461714949943
3.0585604253287784
-3.121477229975426
-7.821744003936601
-9.64327367488977
-12.725307532495663
-14.738496869066239
-18.399077748502805
-23.266674987007264
-27.55633671106989
-28.979009743495908
-30.438368114681907
-34.83940448475619
-38.105797794589535
-34.94451444234301
-30.1981689645811
-28.00342621332811
-24.248905785967054
-25.10968897362136
-29.19911574771163
-31.46043771949371
-30.06386453698542
-31.682258660864136
-33.22043600007737
-33.23941933460469
-36.43470621706024
-40.66683989227704
-43.34154945549017
-45.08800252326387
-51.280514851538555
-58.70930039406517
-59.838275245844216
-64.04474657637093
-66.85628103565887
-65.5956024173679
-59.87865629858425
-50.324053182327134
-39.58811477388531
-29.90496324430478
-21.223116794558564
-13.100642533202517
-5.8400002400207995
2.5377942531451936
5.123803081055257
1.7362464680250014
-2.1463475639895933
-10.111208078799109
-18.20712477774191
-26.98976268081583
-28.289009542937265
-26.427238626256894
-24.52464869470691
-27.575447657455697
-35.45625428936978
-39.68488027723697
-44.12317470684752
-45.25924765189416
-40.22155956739675
-35.132232509718506
-32.20266665221766
-27.211459244862
-20.547940592264922
-12.427980070166996
-6.198610636720105
-5.45764848482645
-2.6788822360745144
5.039593079924771
11.616067120645312
14.418528272023423
15.2930737034726
14.643159333205858
14.006292356712493
13.413881120835413
14.557943542916519
14.025067582067095
20.814128051845273
27.22818832682401
30.20545414038429
32.75076210211955
31.82604918785728
28.040724666644337
26.639496389075248
25.903763757030674
23.034122327149134
20.465218090117787
17.5771738554688
20.915843091526767
21.704991622070338
24.347796854628996
23.955762998146156
22.59700560711599
22.29349772524006
25.09249393657751
26.728715388880573
26.267210800746625
25.672320868655788
28.840639857509814
32.55439945524722
32.80244941721821
33.69942388810409
30.25264816498452
28.056275423156194
27.86926745431083
32.00036774391947
34.032103231424344
32.0498207031078
31.212491939521215
24.414868924840448
16.61741286880465
8.212739015568104
3.278463468697055
-1.4629323449028107
-4.930083507102836
-3.6031062691579336
-1.9553035548924527
-3.1113057865859446
-3.380291160730849
-1.1799828368991712
0.13265603249010383
0.5902569268505431
0.252789167302808
-1.7205211169216454
-4.032079554070378
-8.001272451105706
-10.150916086154893
-12.23116273445703
-13.641703677460328
-18.067435679573464
-24.05720117166834
-26.368273835515765
-28.063190882586923
-31.39119297995012
-33.85868725171781
-35.52118289389091
-36.255145453251316
-31.746899246404382
-28.598637831460337
-26.289638138543978
-28.82541525457873
-28.548057677634006
-25.799738810468625
-22.19157650902298
-16.853280237829495
-12.896574716276746
-9.084772143874261
-9.588594202420609
-14.972035236098463
-19.109872213420203
-18.324029924716115
-17.053906963164764
-11.03595008563616
-5.095437018556822
-3.8432952503983415
-6.782196777969602
-9.640462161248479
-13.211833294850976
-14.611582883484289
-19.36329049345227
-19.495560520457957
-14.958822048573666
-10.845434449917093
-4.991148515397754
2.2273826806649595
-1.8011308015722989
-8.780328244304428
-11.104535434142917
-11.986606199901644
-12.55689926394507
-13.338385187055792
-15.167361393904002
-17.40717752555679
-22.562971950943847
-24.122319439068633
-26.20973756405101
-23.313253806472176
-18.32902031176286
-14.330824040604966
-11.037239230851128
-7.067582067297735
-0.9594943765318931
4.260165844187668
9.2226461786247
13.48017620593123
15.445363676259603
18.91306973521864
20.651715437962594
20.461393438333516
19.156794402906144
15.36191066645847
11.851473600106374
12.978431577881338
11.771761835496136
13.890591733993688
15.573633858192125
17.657116840898425
19.933569649132778
21.314646669695776
23.097888772812894
23.454528151806016
22.091153678154114
19.033919588244544
16.07903832612874
10.447155198190785
6.220030280474475
1.396234822244196
-2.621758346523393
-6.332491347796804
-9.825143924253098
-12.272067186132745
-12.037861487090822
-11.95218357083786
-15.172560444207875
-16.43805376308069
-14.969386868358697
-13.307744836867869
-9.813148570559179
-8.32237003829232
-11.42738265850653
-15.67233268450741
-18.79006739528154
-19.671301717417236
-19.172509042997262
-19.54533943690126
-17.006963195015487
-14.191956175907308
-11.85674848454596
-8.14261948304079
-7.0430162367974845
-8.444511050104666
-9.423557622586031
-9.4239731631028
-9.608567570604464
-12.000533634563226
-12.012974625303286
-8.426152508041014
-4.698176342235911
-1.9269838617553887
-1.2400442241446399
0.6032549865910823
1.453524971258048
2.926210116407674
0.808016017241016
-1.7195507403150714
-4.407703626596685
-5.40669930488275
-3.8158994097721006
-2.5002509267437745
-1.19834572524951
3.000790240452943
6.706737817556586
8.54292238754806
11.672846358276502
16.42587961163622
19.875633430261132
16.75285225594689
14.391196705307493
11.306498172494685
8.75762944810117
8.72673132245609
9.407691729245698
10.129235839445755
5.804309686284341
2.55394817799629
0.15705513204034105
-3.7397410737867176
-8.541113395183629
-7.832664743857549
-5.448719895065551
-1.2753039110875761
2.8395213591634274
4.272418892916448
3.0845698701739366
2.4112071927302168
4.5817733566032075
4.876047831055985
4.974677261482839
12.042687380778034
21.055443428172794
28.696931107818955
37.1644190446807
39.78909360285866
39.02848576561291
41.92301265892411
45.44617522425506
44.89884720030045
44.339812600546566
44.197524718043496
44.701344116957216
41.81581557336153
40.0510281142158
36.38004845222804
32.39353214654079
28.81275586744823
27.40815410224991
25.451421441397542
24.161626951451126
26.506323083028065
28.4222079772901
28.948118781110907
29.664160992990446
31.134031373778726
31.95263370534417
31.74688177152848
30.41605921332757
30.053738768576522
28.21280199333114
25.035629255766708
22.903104908834848
19.553612567880464
14.97922375692815
13.362941872022475
18.892054303326177
22.518356793227213
25.146304208176616
23.010006629431018
21.751146966459373
22.498268687553264
21.22084260371571
21.11502108215268
22.000517795483802
22.03499380423318
21.63378623146764
26.195733719157488
30.522726631573278
35.84134950524049
38.52266266953757
41.692201876558556
46.733626677246775
46.28763153702448
45.794502330631985
50.60804554776405
53.25167561709213
54.7580821524848
50.209193277260965
44.70093628843688
36.99781487073824
36.98076687376761
36.932645956799206
33.611976365229566
28.18223825793939
21.789075432664504
17.713619577611553
10.770774591768259
6.041495330659018
6.745035343727977
7.317929500347873
6.46978248932146
11.700399245931749
16.05338913060541
17.3717725480833
15.395088443518034
10.648532093911854
8.498302110857367
6.754180644558346
1.8761517979119162
0.6046994010825983
-1.7741509005022635
-4.000171888409568
-9.003911457863978
-9.181247169216931
-7.41895154473832
-4.469780083884871
-1.083817845122212
1.3325781187963912
2.2780200305146536
0.36647471614833194
-1.5316989399084378
-1.0994609255162686
-0.42296769456243055
4.325319722980112
10.044263088077514
11.066089237374399
14.84609105167874
23.8903358433663
33.85697729718868
40.7091799745308
44.40993001856032
48.27535182346537
49.4558535035153
49.362401291828974
47.23415615265594
48.69199344178969
44.97098044859649
39.999004844521096
34.98486547646144
30.831940362290425
22.614028346976284
11.842425898577403
2.6958686821585616
-1.0857551418775984
-2.424314684651108
-7.750763771701713
-9.976121305021024
-8.631500742536446
-10.687694392710455
-11.958982163579094
-16.269738499324376
-20.9939498580502
-23.73328599088609
-21.506056531693503
-21.95333630901132
-19.382213011164367
-16.829878948123223
-10.335518348971618
-6.616622350428315
-8.116036489825092
-7.748382934551955
-7.506310752421541
-5.8832105585775025
-1.1161920885833752
-0.7298070527531308
1.1554423111188044
1.5974400584277646
0.7191953697451936
3.5175316799150096
6.119099953013574
6.383347203542598
6.964332263496544
4.128812960357209
5.0593513604408145
2.0803160680166
0.7370171621923873
-0.7903178927044792
-2.89366503838437
-3.799005232109721
-4.47478473633555
-1.000487039417294
2.6822197765809506
5.654780551436943
10.442058472075587
13.076724328631826
15.585717648147693
16.047075330916414
14.158150089673654
11.781802272233563
10.940060278999681
11.856369935190742
11.549130416742173
11.306548054750692
12.188477148255515
14.26681908206865
13.042649577073007
11.845511988534781
12.087293899713131
12.867179945117641
17.697295245277928
18.998751723775513
16.825712754498
13.255207495803916
10.915888929142056
9.255170550618459
4.406571647535657
1.5236266756874102
1.6262590063743119
2.7428310776131184
3.884434587940632
11.542698474901044
18.22947485873783
29.5430535122091
34.087909584386125
39.95245189145999
42.71924286271178
45.41020319097515
46.18058961839188
45.77357898789751
44.009280780670906
39.66700661427876
34.59621648005805
32.27838712329685
28.91441510177583
24.16054837310321
21.758287486764402
17.835596362337128
14.678096744512004
11.64181150702143
8.755350295159587
2.8943823560903184
-0.6779890603911554
-6.221657801074343
-11.281170578206456
-16.583557382112758
-21.102396762786157
-20.70908649697867
-18.37998692074416
-15.638011321920658
-16.453778142207284
-14.442812839965882
-10.937004944878026
-5.248477945594914
0.7824493182001788
9.706109235356962
14.941229819295586
17.667680495853347
20.263549038814745
19.608491957834303
17.232353984384645
11.37426583840579
7.17142713139674
4.43836221542233
-0.6079982558667325
-4.531169628935913
-7.0436549818582534
-6.252584594055406
-2.1939380673879896
1.5428516386100455
1.4055566706815625
0.6359971863657847
2.3299204104241653
6.625523736194737
7.387134345462982
3.8511746728850085
-0.9424873521143127
-4.706547012728606
-6.328172615652875
-12.760819098265074
-18.561283868760256
-18.806934670540613
-15.699579025299954
-10.726530775888932
-7.024177506504202
-3.0946567714122466
-2.530536135271632
0.15606886419163857
1.245078235469009
-3.2299095745852355
-9.956991709937938
-16.104777765766812
-18.66350479028233
-20.09368146847828
-22.347877709573822
-24.03691929240631
-23.404029534432993
-25.257076666072862
-22.663590168021983
-20.85143450867872
-16.351084598232774
-14.057996478680252
-6.379649398417769
-1.2387070157546987
2.951983987532003
6.085278155268043
6.541521889632804
10.989314955284954
14.16448793228119
14.954923212856102
15.238277375996859
23.22918048779502
27.925730148155253
33.68568510974046
34.40803871965272
32.257924314215416
32.313359324692556
32.00390570407535
31.97107872342758
36.071997502203885
39.33514029481921
40.33248316975096
41.59542308240816
42.379437969045284
43.4211413976991
41.96409279677346
37.05241798043471
33.96214804482952
30.23949596354896
23.669600371918023
16.836036687253454
8.313278925472332
-1.7417946779141857
-9.146747760248218
-25.236368841856347
-34.42003031917375
-45.0549150236875
-54.33271951718143
-56.58261351887995
-55.60303243174394
-52.17829835309749
-51.45714467973221
-51.56186557051751
-50.293366374017296
-47.50352418900911
-44.93059183707146
-39.77964483989217
-36.09808506313993
-31.486975930356493
-25.1592162591528
-26.330339331026153
-30.015866800690674
-34.88262751064667
-35.392498685347164
-33.632321444000354
-29.55153945152142
-30.047471944856625
-26.190361647965346
-20.367485702552585
-18.236518549779248
-19.0388300887671
-20.79605240053661
-25.09702539632781
-31.573089792452265
-32.582093719464865
-27.4391565831761
-28.064342851319452
-30.370060083789667
-32.810078888937824
-33.92110318033656
-39.16596342880166
-41.28913016915476
-38.61553570101523
-39.82917466628578
-34.60225272290381
-27.457715708775595
-22.006818765757544
-17.20000679903569
-12.975065763907878
-5.284660891418753
1.5161472132494964
5.765945845028455
10.29734338778735
14.776726635597697
18.90108891374439
19.471691527257008
18.195282246680108
14.236715871826163
9.403133203085417
7.930559376734891
6.211213385781775
6.39994056528667
5.935602821987686
-0.963929975271185
-8.583974925741131
-11.944741481921483
-10.107184090056762
-5.875864673229444
0.5609903741992639
4.388251341006253
2.825088529612458
1.2015917439521218
-2.1280684806374666
-7.555260869925405
-7.398921202029669
-7.945256532894291
-12.040529413394324
-14.83506025892666
-17.318853188145113
-18.659559577015443
-22.556930846466003
-29.05417542348505
-29.125568666927848
-26.740638784564
-19.284205595686217
-12.58196562084504
-6.479263371169964
-3.5284575102846247
-2.16776687376705
0.31199387113065313
0.5263572661651779
0.755182607379993
-2.00230438392191
-8.731156602234933
-17.02312759504821
-19.507939731833176
-22.505059982258445
-23.057160457732152
-24.28512738651807
-24.99851472090313
-25.604522143443774
-30.980153355232687
-30.660939704765497
-31.703031595685843
-26.9048173809947
-19.442568029978247
-15.992559562497263
-14.502470823390922
-12.801097122761803
-8.42804972828435
-6.892459797176798
-4.6377225442015515
-2.7988252691343405
-3.08933469775684
-1.7101386006343091
-0.4412318560930544
-0.36942682056087506
3.3893011047443906
8.73997355127085
16.600258108602702
23.72526066054661
33.3287826397127
38.83793087562117
46.40280535983493
48.5461095623682
51.238961049016325
48.574026088979736
45.72497198795645
44.15501600220114
42.335338389475965
40.54084578868287
39.91522664324111
29.656783259765234
21.979445541187943
17.156647658676775
11.4630281360337
2.1209285963018374
-3.343586031808627
-2.2188018140864187
-0.27058365210450575
3.9279755162947367
5.447828440745525
12.408591883122426
19.433712257921343
24.69566740930759
25.392982591026794
23.686023334390484
24.58943228102453
21.83567335306134
16.773051863142882
11.517728977235038
3.395151689047907
-2.0486773493853434
-8.414037332946464
-18.221204426201894
-23.138719794525514
-26.54262476666281
-30.43579593389768
-31.235604405385857
-28.611825862970818
-25.66614267086834
-22.913302498847315
-18.43557632580996
-13.051527089148294
-7.081187911379857
-0.7621366802641205
1.7535147518051417
3.156003691040496
4.474772826667504
8.218579990678336
8.286302283547684
6.443845168338157
0.5965230313777283
-0.46911837320431005
-7.75769817399032
-17.55692466934761
-21.965463480122708
-27.3077781888569
-25.18062345483986
-25.312900366226586
-26.648550999131203
-26.469679139813707
-26.06398458364629
-30.39236176983877
-32.70264014025315
-34.30387625131789
-40.54098102224998
-41.52567047468983
-39.61554999784494
-33.808871676205854
-24.39227893700263
-12.408718349358878
-3.4821502414511087
8.349445802034097
15.77997147898759
18.929466859443437
19.535351040043224
21.358695354323117
20.099414697564498
14.876833969200561
12.736349522324872
6.947347941151293
8.416608631490817
10.38136510456252
10.93307225066701
8.861070454963738
8.201387870537019
12.66480498820556
20.229892113640744
23.482010398240163
30.08160844286931
36.80277530746844
41.203198497060384
37.79373647974717
32.24545594898882
23.073999973197715
14.074783652942642
13.517921558749094
16.597903000212682
17.58623223614768
14.880780992872587
16.11217360540013
18.871935236858462
16.369203174222093
8.444049729417202
1.8895086083912247
-0.050095768407572905
1.4634763235653736
-2.569656797138123
-2.246843697825625
2.2898449979170437
4.824971761346205
8.790371512684487
10.626912819381687
11.632533845087892
11.857763648074524
14.90537164080888
19.53402777167321
21.93638962377554
24.533056123983897
24.787133362815894
23.649143404572442
26.52382922465131
28.652366596709726
28.939349056288847
25.615147203140623
22.739334736259025
18.907301218970133
18.135990987907917
18.004667869942296
16.80653653092031
17.09783157488937
17.986843561299793
13.742118261033738
6.92578464057533
1.838471574506002
0.22424052137057515
-3.3601968263901654
-8.857682160398781
-10.69018982285661
-13.722731440264852
-16.539629171324123
-13.107146003776961
-13.813748187601504
-12.601545290316153
-8.871560705330921
