2361.01
2367.1
2358.25
2323.09
2338.0
2355.75
2345.93
2344.12
2312.96
2325.12
2329.81
2303.4
2311.04
2330.39
2344.36
2384.78
2407.7
2414.39
2412.32
2395.4
2376.39
2373.18
2396.44
2395.94
2392.7
2400.65
2420.78
2424.82
2441.89
2443.62
2442.47
2434.89
2475.33
2503.65
2463.96
2505.34
2509.5
2520.38
2522.78
2519.2
2549.4
2548.98
2521.57
2514.63
2523.09
2507.95
2524.54
2522.61
2546.78
2535.1
2542.65
2540.26
2513.58
2514.84
2523.59
2523.35
2521.07
2524.83
2516.76
2473.17
2448.81
2460.74
2441.15
2437.81
2437.09
2408.73
2388.93
2365.58
2354.26
2338.65
2384.49
2383.87
2358.73
2358.03
2356.77
2321.39
2334.36
2299.35
2350.09
2341.26
2348.97
2354.74
2333.82
2291.23
2317.84
2293.03
2294.37
2278.17
2272.09
2218.64
2216.39
2230.65
2270.84
2269.0
2259.98
2257.62
2298.54
2285.03
2244.63
2249.67
2185.83
2200.84
2187.67
2189.08
2194.24
2212.02
2188.92
2227.51
2230.28
2227.98
2258.62
2196.22
2196.78
2222.25
2219.57
2200.08
2224.74
2198.22
2174.11
2169.59
2192.14
2200.86
2179.73
2056.38
2070.56
2074.49
2117.83
2145.12
2163.71
2115.75
2107.58
2155.07
2146.47
2132.36
2135.15
2142.53
2184.96
2185.46
2183.05
2185.88
2181.8
2199.46
2168.19
2178.27
2137.88
2106.8
2082.95
2091.73
2059.41
2043.0
2066.37
2049.93
2036.32
2088.27
2102.87
2110.39
2126.48
2143.28
2133.56
2123.43
2118.97
2136.42
2121.94
2111.04
2116.81
2105.65
2106.27
2107.43
2110.74
2113.06
2105.63
2059.34
2060.03
2077.09
2061.38
2063.08
2041.24
2019.78
2012.97
2021.92
2013.67
1978.87
1971.43
2007.62
2023.98
2009.73
2021.99
1982.57
1943.99
1943.3
1963.89
1936.05
1925.72
1923.94
1886.5
1867.96
1868.24
1864.92
1814.88
1773.21
1798.86
1757.37
1754.74
1771.99
1803.68
1840.57
1858.87
1866.19
1873.78
1879.75
1876.33
1893.32
1859.15
1804.42
1792.01
1745.46
1725.14
1703.78
1750.51
1772.48
1776.96
1734.87
1679.22
1692.52
1674.57
1683.81
1727.22
1729.62
1713.36
1728.84
1755.39
1780.25
1777.54
1731.64
1739.08
1788.65
1790.87
1769.71
1767.45
1760.99
1758.93
1765.53
1787.98
1783.93
1847.95
1853.76
1841.06
1859.73
1844.96
1818.37
1838.17
1844.57
1824.08
1825.07
1825.15
1877.15
1873.51
1895.41
1876.49
1878.59
1887.31
1910.87
1913.83
1906.08
1905.69
1944.21
1961.97
1952.63
1962.98
1935.61
1936.19
1953.84
1999.93
1997.69
1973.24
1986.14
1933.84
1919.59
1905.1
1919.42
1914.22
1907.72
1944.36
1951.75
1939.95
1946.34
1964.84
1962.88
1950.38
1943.03
1925.34
1916.35
1892.48
1897.98
1896.64
1899.72
1865.25
1837.71
1852.71
1848.45
1825.17
1818.02
1816.09
1815.38
1853.78
1846.5
1841.84
1799.9
1806.38
1818.97
1831.15
1849.27
1839.22
1841.79
1808.24
1759.49
1762.28
1793.43
1797.27
1832.79
1843.85
1814.14
1782.02
1780.01
1762.61
1772.91
1733.48
1754.45
1793.83
1802.61
1823.03
1853.71
1769.67
1732.19
1751.81
1756.2
1750.69
1744.56
1724.5
1715.95
1689.92
1713.51
1705.43
1745.43
1754.38
1744.15
1745.34
1759.41
1788.12
1792.47
1800.41
1803.68
1792.97
1814.75
1803.96
1797.63
1788.51
1759.74
1762.12
1803.63
1790.09
1820.24
1825.45
1837.05
1847.15
1852.54
1864.7
1857.7
1846.86
1824.4
1821.01
1800.17
1800.34
1790.6
1786.32
1781.68
1775.9
1777.35
1798.23
1793.56
1761.68
1767.55
1788.02
1790.83
1810.02
1793.48
1754.12
1731.37
1727.69
1736.68
1745.97
1734.26
1749.78
1755.59
1758.47
1776.22
1762.48
1740.05
1732.81
1734.59
1730.45
1709.51
1725.44
1754.04
1762.23
1761.9
1751.72
1765.95
1757.04
1760.43
1727.55
1719.64
1714.2
1721.21
1744.53
1748.99
1752.25
1782.79
1785.59
1779.73
1795.33
1817.79
1814.66
1765.62
1767.37
1758.22
1761.79
1783.22
1790.66
1796.75
1753.86
1754.02
1758.54
1742.39
1725.74
1756.35
1775.66
1796.63
1807.27
1796.3
1776.3
1780.04
1798.22
1783.94
1783.57
1845.66
1876.56
1889.51
1921.08
1899.76
1882.58
1919.49
1934.87
1911.16
1918.54
1924.67
1940.46
1927.9
1943.73
1933.6
1936.72
1932.75
1946.32
1947.92
1956.72
1989.64
1999.93
1998.76
2009.19
2023.64
2030.64
2022.95
2015.89
2025.25
2015.28
2005.65
2015.47
2006.01
1991.36
2013.17
2079.15
2080.4
2084.05
2051.49
2056.83
2079.1
2065.14
2076.12
2089.61
2086.54
2083.65
2132.4
2154.79
2179.66
2173.76
2184.33
2215.36
2188.3
2192.79
2248.52
2251.02
2256.01
2212.04
2210.26
2191.25
2253.96
2254.51
2232.98
2217.41
2200.98
2213.24
2189.66
2200.03
2242.55
2238.38
2229.87
2283.7
2296.97
2281.45
2252.57
2223.84
2235.33
2234.82
2201.88
2225.41
2214.45
2209.1
2175.96
2219.88
2239.3
2253.64
2254.47
2248.33
2244.02
2221.82
2214.06
2233.63
2237.36
2274.69
2285.82
2264.07
2296.9
2353.17
2383.97
2382.78
2376.87
2392.09
2381.0
2382.17
2374.23
2413.53
2380.25
2364.93
2368.5
2377.15
2340.34
2302.21
2295.14
2328.7
2343.13
2307.84
2324.99
2358.41
2326.28
2323.58
2292.27
2281.18
2278.26
2303.21
2276.01
2303.68
2308.64
2340.23
2330.72
2295.01
2302.41
2295.99
2304.5
2334.27
2302.83
2319.13
2308.16
2304.48
2337.69
2345.05
2327.68
2329.26
2299.8
2323.74
2294.27
2307.49
2300.74
2295.82
2300.66
2297.73
2341.54
2350.83
2350.43
2372.17
2360.75
2374.31
2358.5
2343.1
2334.69
2341.36
2360.26
2350.91
2360.42
2374.17
2386.4
2366.06
2365.48
2380.16
2388.21
2425.02
2408.11
2382.67
2371.72
2376.66
2381.18
2353.18
2359.87
2377.28
2387.24
2391.06
2456.27
2471.74
2531.31
2497.58
2524.57
2516.26
2527.62
2519.42
2517.45
2512.4
2491.79
2483.58
2513.44
2505.88
2500.16
2507.43
2498.32
2501.75
2502.81
2499.63
2468.72
2480.73
2453.15
2443.34
2433.82
2427.04
2453.46
2469.58
2469.51
2444.19
2463.45
2479.46
2499.35
2516.49
2551.78
2537.69
2528.16
2534.52
2514.36
2502.34
2467.49
2465.51
2473.42
2448.45
2449.89
2456.17
2488.5
2517.03
2524.9
2501.4
2494.52
2515.34
2536.37
2513.34
2478.21
2457.62
2454.6
2464.35
2418.96
2411.11
2443.83
2468.09
2489.08
2489.5
2503.93
2479.25
2497.15
2485.71
2436.24
2408.69
2389.92
2404.15
2407.72
2394.67
2393.34
2408.83
2386.93
2413.68
2409.46
2434.61
2416.95
2466.08
2455.99
2459.33
2463.59
2445.65
2480.63
2480.25
2461.21
2463.25
2533.17
2529.55
2548.61
2528.38
2511.27
2534.56
2539.29
2542.65
2591.1
2600.37
2591.22
2601.82
2620.87
2630.37
2621.59
2589.3
2600.48
2593.4
2566.14
2553.81
2534.21
2507.24
2505.98
2412.03
2441.67
2406.48
2382.79
2414.41
2431.67
2449.79
2423.57
2406.96
2408.49
2413.23
2405.47
2410.69
2406.11
2408.63
2421.51
2364.32
2334.96
2314.23
2330.1
2339.51
2359.57
2322.09
2354.54
2378.72
2353.02
2335.97
2321.87
2285.08
2248.53
2272.09
2320.77
2274.1
2257.22
2240.65
2246.32
2203.7
2210.38
2239.15
2200.99
2243.58
2258.8
2262.16
2274.81
2271.93
2306.44
2310.32
2300.2
2307.95
2315.5
2324.73
2298.2
2291.59
2269.06
2257.0
2283.15
2276.41
2291.87
2291.92
2233.35
2214.36
2236.4
2281.12
2302.71
2329.36
2321.09
2276.45
2275.91
2255.78
2230.32
2268.39
2248.71
2209.32
2213.26
2213.24
2217.87
2191.95
2157.07
2190.26
2210.1
2255.95
2256.67
2270.75
2250.06
2234.52
2252.39
2238.94
2238.39
2203.01
2150.98
2120.75
2154.18
2150.91
2162.88
2155.9
2153.4
2143.25
2098.75
2135.47
2119.31
2160.24
2182.51
2156.59
2152.06
2151.7
2177.67
2154.28
2161.2
2157.14
2133.98
2153.21
2149.12
2146.82
2182.92
2204.53
2244.27
2260.7
2304.67
2290.77
2327.77
2302.13
2315.48
2283.94
2286.92
2295.82
2304.11
2307.12
2324.73
2247.15
2260.88
2272.73
2262.1
2217.74
2236.08
2281.02
2295.63
2322.86
2312.7
2369.97
2390.42
2380.68
2353.92
2337.96
2355.67
2321.24
2295.51
2293.01
2257.3
2270.83
2248.35
2210.16
2233.46
2232.07
2210.99
2231.04
2259.1
2258.63
2257.47
2280.6
2290.19
2304.45
2315.07
2285.11
2284.01
2280.04
2298.2
2275.65
2264.2
2224.13
2251.32
2197.34
2159.88
2186.62
2170.05
2216.8
2199.53
2188.1
2196.99
2193.08
2147.81
2144.4
2142.69
2082.77
2103.72
2122.73
2151.88
2197.68
2233.74
2230.34
2276.65
2262.84
2232.25
2217.97
2231.9
2202.91
2165.46
2189.73
2160.57
2219.62
2236.35
2225.39
2213.57
2222.85
2264.51
2303.37
2291.08
2329.37
2344.91
2354.54
2294.34
2281.54
2242.1
2221.37
2275.15
2310.66
2303.41
2281.87
2315.18
2342.81
2306.68
2259.77
2251.38
2276.63
2301.62
2247.22
2284.95
2331.45
2325.19
2341.84
2335.31
2335.1
2327.66
2344.56
2364.17
2358.97
2377.87
2358.3
2359.23
2407.09
2406.38
2398.74
2370.62
2373.3
2357.79
2380.11
2393.43
2390.46
2409.32
2414.41
2371.33
2354.11
2354.28
2370.99
2346.39
2319.92
2338.2
2325.67
2322.41
2369.7
2339.85
2355.77
2371.69
